0.00
0.85
1.45
2.01
2.55
3.08
3.61
4.14
4.66
5.19
5.71
6.23
6.76
7.28
7.80
8.33
8.85
9.37
9.89
10.42
10.94
11.46
11.98
12.50
13.02
13.55
14.07
14.59
15.11
15.63
16.16
16.68
17.20
17.72
18.24
18.76
19.29
19.81
20.33
20.85
21.37
21.89
22.41
22.94
23.46
23.98
24.50
25.02
25.54
26.07
26.59
27.11
27.63
28.15
28.67
29.19
29.72
30.24
30.76
31.28
31.80
32.32
32.84
33.37
33.89
34.41
34.93
35.45
35.97
36.49
37.02
37.54
38.06
38.58
39.10
39.62
40.14
40.67
41.19
41.71
42.23
42.75
43.27
43.80
44.32
44.84
45.36
45.88
46.40
46.92
47.45
47.97
48.49
49.01
49.53
50.05
50.57
51.10
51.62
52.14
52.66
53.18
53.70
54.22
54.75
55.27
55.79
56.31
56.83
57.35
57.87
58.40
58.92
59.44
59.96
60.48
61.00
61.52
62.05
62.57
63.09
63.61
64.13
64.65
65.17
65.70
66.22
66.74
67.26
67.78
68.30
68.82
69.35
69.87
70.39
70.91
71.43
71.95
72.47
72.99
73.52
74.04
74.56
75.08
75.60
76.12
76.64
77.17
77.69
78.21
78.73
79.25
79.77
80.29
80.82
81.34
81.86
82.38
82.90
83.42
83.94
84.47
84.99
85.51
86.03
86.55
87.07
87.59
88.12
88.64
89.16
89.68
90.20
90.72
91.24
91.77
92.29
92.81
93.33
93.85
94.37
94.89
95.42
95.94
96.46
96.98
97.50
98.02
98.54
99.07
99.59
100.11
100.63
101.15
101.67
102.19
102.72
103.24
103.76
104.28
104.80
105.32
105.84
106.37
106.89
107.41
107.93
108.45
108.97
109.49
110.02
110.54
111.06
111.58
112.10
112.62
113.14
113.67
114.19
114.71
115.23
115.75
116.27
116.79
117.32
117.84
118.36
118.88
119.40
119.92
120.44
120.96
121.49
122.01
122.53
123.05
123.57
124.09
124.61
125.14
125.66
126.18
126.70
127.22
127.74
128.26
128.79
129.31
129.83
130.35
130.87
131.39
131.91
132.44
132.96
133.48
134.00
134.52
135.04
135.56
136.09
136.61
137.13
137.65
138.17
138.69
139.21
139.74
140.26
140.78
141.30
141.82
142.34
142.86
143.39
143.91
144.43
144.95
145.47
145.99
146.51
147.04
147.56
148.08
148.60
149.12
149.64
150.16
150.69
151.21
151.73
152.25
152.77
153.29
153.81
154.34
154.86
155.38
155.90
156.42
156.94
157.46
157.99
158.51
159.03
159.55
160.07
160.59
161.11
161.63
162.16
162.68
163.20
163.72
164.24
164.76
165.28
165.81
166.33
166.85
167.37
167.89
168.41
168.93
169.46
169.98
170.50
171.02
171.54
172.06
172.58
173.11
173.63
174.15
174.67
175.19
175.71
176.23
176.76
177.28
177.80
178.32
178.84
179.36
179.88
180.41
180.93
181.45
181.97
182.49
183.01
183.53
184.06
184.58
185.10
185.62
186.14
186.66
187.18
187.71
188.23
188.75
189.27
189.79
190.31
190.83
191.36
191.88
192.40
192.92
193.44
193.96
194.48
195.00
195.53
196.05
196.57
197.09
197.61
198.13
198.65
199.18
199.70
200.22
200.74
201.26
201.78
202.30
202.83
203.35
203.87
204.39
204.91
205.43
205.95
206.48
207.00
207.52
208.04
208.56
209.08
209.60
210.13
210.65
211.17
211.69
212.21
212.73
213.25
213.78
214.30
214.82
215.34
215.86
216.38
216.90
217.43
217.95
218.47
218.99
219.51
220.03
220.55
221.08
221.60
222.12
222.64
223.16
223.68
224.20
224.73
225.25
225.77
226.29
226.81
227.33
227.85
228.38
228.90
229.42
229.94
230.46
230.98
231.50
232.02
232.55
233.07
233.59
234.11
234.63
235.15
235.67
236.20
236.72
237.24
237.76
238.28
238.80
239.32
239.85
240.37
240.89
241.41
241.93
242.45
242.97
243.50
244.02
244.54
245.06
245.58
246.10
246.62
247.15
247.67
248.19
248.71
249.23
249.75
250.27
250.80
251.32
251.84
252.36
252.88
253.40
253.92
254.45
254.97
255.49
256.01
256.53
257.05
257.57
258.10
258.62
259.14
259.66
260.18
260.70
261.22
261.75
262.27
262.79
263.31
263.83
264.35
264.87
265.39
265.92
266.44
266.96
267.48
268.00
268.52
269.04
269.57
270.09
270.61
271.13
271.65
272.17
272.69
273.22
273.74
274.26
274.78
275.30
275.82
276.34
276.87
277.39
277.91
278.43
278.95
279.47
279.99
280.52
281.04
281.56
282.08
282.60
283.12
283.64
284.17
284.69
285.21
285.73
286.25
286.77
287.29
287.82
288.34
288.86
289.38
289.90
290.42
290.94
291.47
291.99
292.51
293.03
293.55
294.07
294.59
295.12
295.64
296.16
296.68
297.20
297.72
298.24
298.76
299.29
299.81
300.33
300.85
301.37
301.89
302.41
302.94
303.46
303.98
304.50
305.02
305.54
306.06
306.59
307.11
307.63
308.15
308.67
309.19
309.71
310.24
310.76
311.28
311.80
312.32
312.84
313.36
313.89
314.41
314.93
315.45
315.97
316.49
317.01
317.54
318.06
318.58
319.10
319.62
320.14
320.66
321.19
321.71
322.23
322.75
323.27
323.79
324.31
324.84
325.36
325.88
326.40
326.92
327.44
327.96
328.49
329.01
329.53
330.05
330.57
331.09
331.61
332.13
332.66
333.18
333.70
334.22
334.74
335.26
335.78
336.31
336.83
337.35
337.87
338.39
338.91
339.43
339.96
340.48
341.00
341.52
342.04
342.56
343.08
343.61
344.13
344.65
345.17
345.69
346.21
346.73
347.26
347.78
348.30
348.82
349.34
349.86
350.38
350.91
351.43
351.95
352.47
352.99
353.51
354.03
354.56
355.08
355.60
356.12
356.64
357.16
357.68
358.21
358.73
359.25
359.77
360.29
360.81
361.33
361.86
362.38
362.90
363.42
363.94
364.46
364.98
365.50
366.03
366.55
367.07
367.59
368.11
368.63
369.15
369.68
370.20
370.72
371.24
371.76
372.28
372.80
373.33
373.85
374.37
374.89
375.41
375.93
376.45
376.98
377.50
378.02
378.54
379.06
379.58
380.10
380.63
381.15
381.67
382.19
382.71
383.23
383.75
384.28
384.80
385.32
385.84
386.36
386.88
387.40
387.93
388.45
388.97
389.49
390.01
390.53
391.05
391.58
392.10
392.62
393.14
393.66
394.18
394.70
395.22
395.75
396.27
396.79
397.31
397.83
398.35
398.87
399.40
399.92
400.44
400.96
401.48
402.00
402.52
403.05
403.57
404.09
404.61
405.13
405.65
406.17
406.70
407.22
407.74
408.26
408.78
409.30
409.82
410.35
410.87
411.39
411.91
412.43
412.95
413.47
414.00
414.52
415.04
415.56
416.08
416.60
417.12
417.65
418.17
418.69
419.21
419.73
420.25
420.77
421.30
421.82
422.34
422.86
423.38
423.90
424.42
424.95
425.47
425.99
426.51
427.03
427.55
428.07
428.59
429.12
429.64
430.16
430.68
431.20
431.72
432.24
432.77
433.29
433.81
434.33
434.85
435.37
435.89
436.42
436.94
437.46
437.98
438.50
439.02
439.54
440.07
440.59
441.11
441.63
442.15
442.67
443.19
443.72
444.24
444.76
445.28
445.80
446.32
446.84
447.37
447.89
448.41
448.93
449.45
449.97
450.49
451.02
451.54
452.06
452.58
453.10
453.62
454.14
454.67
455.19
455.71
456.23
456.75
457.27
457.79
458.32
458.84
459.36
459.88
460.40
460.92
461.44
461.96
462.49
463.01
463.53
464.05
464.57
465.09
465.61
466.14
466.66
467.18
467.70
468.22
468.74
469.26
469.79
470.31
470.83
471.35
471.87
472.39
472.91
473.44
473.96
474.48
475.00
475.52
476.04
476.56
477.09
477.61
478.13
478.65
479.17
479.69
480.21
480.74
481.26
481.78
482.30
482.82
483.34
483.86
484.39
484.91
485.43
485.95
486.47
486.99
487.51
488.04
488.56
489.08
489.60
490.12
490.64
491.16
491.69
492.21
492.73
493.25
493.77
494.29
494.81
495.33
495.86
496.38
496.90
497.42
497.94
498.46
498.98
499.51
500.03
500.55
501.07
501.59
502.11
502.63
503.16
503.68
504.20
504.72
505.24
505.76
506.28
506.81
507.33
507.85
508.37
508.89
509.41
509.93
510.46
510.98
511.50
512.02
512.54
513.06
513.58
514.11
514.63
515.15
515.67
516.19
516.71
517.23
517.76
518.28
518.80
519.32
519.84
520.36
520.88
521.41
521.93
522.45
522.97
523.49
524.01
524.53
525.06
525.58
526.10
526.62
527.14
527.66
528.18
528.70
529.23
529.75
530.27
530.79
531.31
531.83
532.35
532.88
533.40
533.92
534.44
534.96
535.48
536.00
536.53
537.05
537.57
538.09
538.61
539.13
539.65
540.18
540.70
541.22
541.74
542.26
542.78
543.30
543.83
544.35
544.87
545.39
545.91
546.43
546.95
547.48
548.00
548.52
549.04
549.56
550.08
550.60
551.13
551.65
552.17
552.69
553.21
553.73
554.25
554.78
555.30
555.82
556.34
556.86
557.38
557.90
558.42
558.95
559.47
559.99
560.51
561.03
561.55
562.07
562.60
563.12
563.64
564.16
564.68
565.20
565.72
566.25
566.77
567.29
567.81
568.33
568.85
569.37
569.90
570.42
570.94
571.46
571.98
572.50
573.02
573.55
574.07
574.59
575.11
575.63
576.15
576.67
577.20
577.72
578.24
578.76
579.28
579.80
580.32
580.85
581.37
581.89
582.41
582.93
583.45
583.97
584.50
585.02
585.54
586.06
586.58
587.10
587.62
588.15
588.67
589.19
589.71
590.23
590.75
591.27
591.79
592.32
592.84
593.36
593.88
594.40
594.92
595.44
595.97
596.49
597.01
597.53
598.05
598.57
599.09
599.62
600.14
600.66
601.18
601.70
602.22
602.74
603.27
603.79
604.31
604.83
605.35
605.87
606.39
606.92
607.44
607.96
608.48
609.00
609.52
610.04
610.57
611.09
611.61
612.13
612.65
613.17
613.69
614.22
614.74
615.26
615.78
616.30
616.82
617.34
617.87
618.39
618.91
619.43
619.95
620.47
620.99
621.52
622.04
622.56
623.08
623.60
624.12
624.64
625.16
625.69
626.21
626.73
627.25
627.77
628.29
628.81
629.34
629.86
630.38
630.90
631.42
631.94
632.46
632.99
633.51
634.03
634.55
635.07
635.59
636.11
636.64
637.16
637.68
638.20
638.72
639.24
639.76
640.29
640.81
641.33
641.85
642.37
642.89
643.41
643.94
644.46
644.98
645.50
646.02
646.54
647.06
647.59
648.11
648.63
649.15
649.67
650.19
650.71
651.24
651.76
652.28
652.80
653.32
653.84
654.36
654.89
655.41
655.93
656.45
656.97
657.49
658.01
658.53
659.06
659.58
660.10
660.62
661.14
661.66
662.18
662.71
663.23
663.75
664.27
664.79
665.31
665.83
666.36
666.88
667.40
667.92
668.44
668.96
669.48
670.01
670.53
671.05
671.57
672.09
672.61
673.13
673.66
674.18
674.70
675.22
675.74
676.26
676.78
677.31
677.83
678.35
678.87
679.39
679.91
680.43
680.96
681.48
682.00
682.52
683.04
683.56
684.08
684.61
685.13
685.65
686.17
686.69
687.21
687.73
688.25
688.78
689.30
689.82
690.34
690.86
691.38
691.90
692.43
692.95
693.47
693.99
694.51
695.03
695.55
696.08
696.60
697.12
697.64
698.16
698.68
699.20
699.73
700.25
700.77
701.29
701.81
702.33
702.85
703.38
703.90
704.42
704.94
705.46
705.98
706.50
707.03
707.55
708.07
708.59
709.11
709.63
710.15
710.68
711.20
711.72
712.24
712.76
713.28
713.80
714.33
714.85
715.37
715.89
716.41
716.93
717.45
717.98
718.50
719.02
719.54
720.06
720.58
721.10
721.62
722.15
722.67
723.19
723.71
724.23
724.75
725.27
725.80
726.32
726.84
727.36
727.88
728.40
728.92
729.45
729.97
730.49
731.01
731.53
732.05
732.57
733.10
733.62
734.14
734.66
735.18
735.70
736.22
736.75
737.27
737.79
738.31
738.83
739.35
739.87
740.40
740.92
741.44
741.96
742.48
743.00
743.52
744.05
744.57
745.09
745.61
746.13
746.65
747.17
747.70
748.22
748.74
749.26
749.78
750.30
750.82
751.35
751.87
752.39
752.91
753.43
753.95
754.47
754.99
755.52
756.04
756.56
757.08
757.60
758.12
758.64
759.17
759.69
760.21
760.73
761.25
761.77
762.29
762.82
763.34
763.86
764.38
764.90
765.42
765.94
766.47
766.99
767.51
768.03
768.55
769.07
769.59
770.12
770.64
771.16
771.68
772.20
772.72
773.24
773.77
774.29
774.81
775.33
775.85
776.37
776.89
777.42
777.94
778.46
778.98
779.50
780.02
780.54
781.07
781.59
782.11
782.63
783.15
783.67
784.19
784.72
785.24
785.76
786.28
786.80
787.32
787.84
788.36
788.89
789.41
789.93
790.45
790.97
791.49
792.01
792.54
793.06
793.58
794.10
794.62
795.14
795.66
796.19
796.71
797.23
797.75
798.27
798.79
799.31
799.84
800.36
800.88
801.40
801.92
802.44
802.96
803.49
804.01
804.53
805.05
805.57
806.09
806.61
807.14
807.66
808.18
808.70
809.22
809.74
810.26
810.79
811.31
811.83
812.35
812.87
813.39
813.91
814.44
814.96
815.48
816.00
816.52
817.04
817.56
818.08
818.61
819.13
819.65
820.17
820.69
821.21
821.73
822.26
822.78
823.30
823.82
824.34
824.86
825.38
825.91
826.43
826.95
827.47
827.99
828.51
829.03
829.56
830.08
830.60
831.12
831.64
832.16
832.68
833.21
833.73
834.25
834.77
835.29
835.81
836.33
836.86
837.38
837.90
838.42
838.94
839.46
839.98
840.51
841.03
841.55
842.07
842.59
843.11
843.63
844.16
844.68
845.20
845.72
846.24
846.76
847.28
847.81
848.33
848.85
849.37
849.89
850.41
850.93
851.45
851.98
852.50
853.02
853.54
854.06
854.58
855.10
855.63
856.15
856.67
857.19
857.71
858.23
858.75
859.28
859.80
860.32
860.84
861.36
861.88
862.40
862.93
863.45
863.97
864.49
865.01
865.53
866.05
866.58
867.10
867.62
868.14
868.66
869.18
869.70
870.23
870.75
871.27
871.79
872.31
872.83
873.35
873.88
874.40
874.92
875.44
875.96
876.48
877.00
877.53
878.05
878.57
879.09
879.61
880.13
880.65
881.18
881.70
882.22
882.74
883.26
883.78
884.30
884.82
885.35
885.87
886.39
886.91
887.43
887.95
888.47
889.00
889.52
890.04
890.56
891.08
891.60
892.12
892.65
893.17
893.69
894.21
894.73
895.25
895.77
896.30
896.82
897.34
897.86
898.38
898.90
899.42
899.95
900.47
900.99
901.51
902.03
902.55
903.07
903.60
904.12
904.64
905.16
905.68
906.20
906.72
907.25
907.77
908.29
908.81
909.33
909.85
910.37
910.90
911.42
911.94
912.46
912.98
913.50
914.02
914.54
915.07
915.59
916.11
916.63
917.15
917.67
918.19
918.72
919.24
919.76
920.28
920.80
921.32
921.84
922.37
922.89
923.41
923.93
924.45
924.97
925.49
926.02
926.54
927.06
927.58
928.10
928.62
929.14
929.67
930.19
930.71
931.23
931.75
932.27
932.79
933.32
933.84
934.36
934.88
935.40
935.92
936.44
936.97
937.49
938.01
938.53
939.05
939.57
940.09
940.62
941.14
941.66
942.18
942.70
943.22
943.74
944.27
944.79
945.31
945.83
946.35
946.87
947.39
947.91
948.44
948.96
949.48
950.00
950.52
951.04
951.56
952.09
952.61
953.13
953.65
954.17
954.69
955.21
955.74
956.26
956.78
957.30
957.82
958.34
958.86
959.39
959.91
960.43
960.95
961.47
961.99
962.51
963.04
963.56
964.08
964.60
965.12
965.64
966.16
966.69
967.21
967.73
968.25
968.77
969.29
969.81
970.34
970.86
971.38
971.90
972.42
972.94
973.46
973.99
974.51
975.03
975.55
976.07
976.59
977.11
977.64
978.16
978.68
979.20
979.72
980.24
980.76
981.28
981.81
982.33
982.85
983.37
983.89
984.41
984.93
985.46
985.98
986.50
987.02
987.54
988.06
988.58
989.11
989.63
990.15
990.67
991.19
991.71
992.23
992.76
993.28
993.80
994.32
994.84
995.36
995.88
996.41
996.93
997.45
997.97
998.49
999.01
999.53
1000.06
1000.58
1001.10
1001.62
1002.14
1002.66
1003.18
1003.71
1004.23
1004.75
1005.27
1005.79
1006.31
1006.83
1007.36
1007.88
1008.40
1008.92
1009.44
1009.96
1010.48
1011.01
1011.53
1012.05
1012.57
1013.09
1013.61
1014.13
1014.65
1015.18
1015.70
1016.22
1016.74
1017.26
1017.78
1018.30
1018.83
1019.35
1019.87
1020.39
1020.91
1021.43
1021.95
1022.48
1023.00
1023.52
1024.04
1024.56
1025.08
1025.60
1026.13
1026.65
1027.17
1027.69
1028.21
1028.73
1029.25
1029.78
1030.30
1030.82
1031.34
1031.86
1032.38
1032.90
1033.43
1033.95
1034.47
1034.99
1035.51
1036.03
1036.55
1037.08
1037.60
1038.12
1038.64
1039.16
1039.68
1040.20
1040.73
1041.25
1041.77
1042.29
1042.81
1043.33
1043.85
1044.37
1044.90
1045.42
1045.94
1046.46
1046.98
1047.50
1048.02
1048.55
1049.07
1049.59
1050.11
1050.63
1051.15
1051.67
1052.20
1052.72
1053.24
1053.76
1054.28
1054.80
1055.32
1055.85
1056.37
1056.89
1057.41
1057.93
1058.45
1058.97
1059.50
1060.02
1060.54
1061.06
1061.58
1062.10
1062.62
1063.15
1063.67
1064.19
1064.71
1065.23
1065.75
1066.27
1066.80
1067.32
1067.84
1068.36
1068.88
1069.40
1069.92
1070.45
1070.97
1071.49
1072.01
1072.53
1073.05
1073.57
1074.10
1074.62
1075.14
1075.66
1076.18
1076.70
1077.22
1077.74
1078.27
1078.79
1079.31
1079.83
1080.35
1080.87
1081.39
1081.92
1082.44
1082.96
1083.48
1084.00
1084.52
1085.04
1085.57
1086.09
1086.61
1087.13
1087.65
1088.17
1088.69
1089.22
1089.74
1090.26
1090.78
1091.30
1091.82
1092.34
1092.87
1093.39
1093.91
1094.43
1094.95
1095.47
1095.99
1096.52
1097.04
1097.56
1098.08
1098.60
1099.12
1099.64
1100.17
1100.69
1101.21
1101.73
1102.25
1102.77
1103.29
1103.82
1104.34
1104.86
1105.38
1105.90
1106.42
1106.94
1107.47
1107.99
1108.51
1109.03
1109.55
1110.07
1110.59
1111.11
1111.64
1112.16
1112.68
1113.20
1113.72
1114.24
1114.76
1115.29
1115.81
1116.33
1116.85
1117.37
1117.89
1118.41
1118.94
1119.46
1119.98
1120.50
1121.02
1121.54
1122.06
1122.59
1123.11
1123.63
1124.15
1124.67
1125.19
1125.71
1126.24
1126.76
1127.28
1127.80
1128.32
1128.84
1129.36
1129.89
1130.41
1130.93
1131.45
1131.97
1132.49
1133.01
1133.54
1134.06
1134.58
1135.10
1135.62
1136.14
1136.66
1137.19
1137.71
1138.23
1138.75
1139.27
1139.79
1140.31
1140.83
1141.36
1141.88
1142.40
1142.92
1143.44
1143.96
1144.48
1145.01
1145.53
1146.05
1146.57
1147.09
1147.61
1148.13
1148.66
1149.18
1149.70
1150.22
1150.74
1151.26
1151.78
1152.31
1152.83
1153.35
1153.87
1154.39
1154.91
1155.43
1155.96
1156.48
1157.00
1157.52
1158.04
1158.56
1159.08
1159.61
1160.13
1160.65
1161.17
1161.69
1162.21
1162.73
1163.26
1163.78
1164.30
1164.82
1165.34
1165.86
1166.38
1166.91
1167.43
1167.95
1168.47
1168.99
1169.51
1170.03
1170.56
1171.08
1171.60
1172.12
1172.64
1173.16
1173.68
1174.20
1174.73
1175.25
1175.77
1176.29
1176.81
1177.33
1177.85
1178.38
1178.90
1179.42
1179.94
1180.46
1180.98
1181.50
1182.03
1182.55
1183.07
1183.59
1184.11
1184.63
1185.15
1185.68
1186.20
1186.72
1187.24
1187.76
1188.28
1188.80
1189.33
1189.85
1190.37
1190.89
1191.41
1191.93
1192.45
1192.98
1193.50
1194.02
1194.54
1195.06
1195.58
1196.10
1196.63
1197.15
1197.67
1198.19
1198.71
1199.23
1199.75
1200.28
1200.80
1201.32
1201.84
1202.36
1202.88
1203.40
1203.93
1204.45
1204.97
1205.49
1206.01
1206.53
1207.05
1207.57
1208.10
1208.62
1209.14
1209.66
1210.18
1210.70
1211.22
1211.75
1212.27
1212.79
1213.31
1213.83
1214.35
1214.87
1215.40
1215.92
1216.44
1216.96
1217.48
1218.00
1218.52
1219.05
1219.57
1220.09
1220.61
1221.13
1221.65
1222.17
1222.70
1223.22
1223.74
1224.26
1224.78
1225.30
1225.82
1226.35
1226.87
1227.39
1227.91
1228.43
1228.95
1229.47
1230.00
1230.52
1231.04
1231.56
1232.08
1232.60
1233.12
1233.65
1234.17
1234.69
1235.21
1235.73
1236.25
1236.77
1237.29
1237.82
1238.34
1238.86
1239.38
1239.90
1240.42
1240.94
1241.47
1241.99
1242.51
1243.03
1243.55
1244.07
1244.59
1245.12
1245.64
1246.16
1246.68
1247.20
1247.72
1248.24
1248.77
1249.29
1249.81
1250.33
1250.85
1251.37
1251.89
1252.42
1252.94
1253.46
1253.98
1254.50
1255.02
1255.54
1256.07
1256.59
1257.11
1257.63
1258.15
1258.67
1259.19
1259.72
1260.24
1260.76
1261.28
1261.80
1262.32
1262.84
1263.37
1263.89
1264.41
1264.93
1265.45
1265.97
1266.49
1267.02
1267.54
1268.06
1268.58
1269.10
1269.62
1270.14
1270.66
1271.19
1271.71
1272.23
1272.75
1273.27
1273.79
1274.31
1274.84
1275.36
1275.88
1276.40
1276.92
1277.44
1277.96
1278.49
1279.01
1279.53
1280.05
1280.57
1281.09
1281.61
1282.14
1282.66
1283.18
1283.70
1284.22
1284.74
1285.26
1285.79
1286.31
1286.83
1287.35
1287.87
1288.39
1288.91
1289.44
1289.96
1290.48
1291.00
1291.52
1292.04
1292.56
1293.09
1293.61
1294.13
1294.65
1295.17
1295.69
1296.21
1296.74
1297.26
1297.78
1298.30
1298.82
1299.34
1299.86
1300.39
1300.91
1301.43
1301.95
1302.47
1302.99
1303.51
1304.03
1304.56
1305.08
1305.60
1306.12
1306.64
1307.16
1307.68
1308.21
1308.73
1309.25
1309.77
1310.29
1310.81
1311.33
1311.86
1312.38
1312.90
1313.42
1313.94
1314.46
1314.98
1315.51
1316.03
1316.55
1317.07
1317.59
1318.11
1318.63
1319.16
1319.68
1320.20
1320.72
1321.24
1321.76
1322.28
1322.81
1323.33
1323.85
1324.37
1324.89
1325.41
1325.93
1326.46
1326.98
1327.50
1328.02
1328.54
1329.06
1329.58
1330.11
1330.63
1331.15
1331.67
1332.19
1332.71
1333.23
1333.76
1334.28
1334.80
1335.32
1335.84
1336.36
1336.88
1337.40
1337.93
1338.45
1338.97
1339.49
1340.01
1340.53
1341.05
1341.58
1342.10
1342.62
1343.14
1343.66
1344.18
1344.70
1345.23
1345.75
1346.27
1346.79
1347.31
1347.83
1348.35
1348.88
1349.40
1349.92
1350.44
1350.96
1351.48
1352.00
1352.53
1353.05
1353.57
1354.09
1354.61
1355.13
1355.65
1356.18
1356.70
1357.22
1357.74
1358.26
1358.78
1359.30
1359.83
1360.35
1360.87
1361.39
1361.91
1362.43
1362.95
1363.48
1364.00
1364.52
1365.04
1365.56
1366.08
1366.60
1367.12
1367.65
1368.17
1368.69
1369.21
1369.73
1370.25
1370.77
1371.30
1371.82
1372.34
1372.86
1373.38
1373.90
1374.42
1374.95
1375.47
1375.99
1376.51
1377.03
1377.55
1378.07
1378.60
1379.12
1379.64
1380.16
1380.68
1381.20
1381.72
1382.25
1382.77
1383.29
1383.81
1384.33
1384.85
1385.37
1385.90
1386.42
1386.94
1387.46
1387.98
1388.50
1389.02
1389.55
1390.07
1390.59
1391.11
1391.63
1392.15
1392.67
1393.20
1393.72
1394.24
1394.76
1395.28
1395.80
1396.32
1396.85
1397.37
1397.89
1398.41
1398.93
1399.45
1399.97
1400.49
1401.02
1401.54
1402.06
1402.58
1403.10
1403.62
1404.14
1404.67
1405.19
1405.71
1406.23
1406.75
1407.27
1407.79
1408.32
1408.84
1409.36
1409.88
1410.40
1410.92
1411.44
1411.97
1412.49
1413.01
1413.53
1414.05
1414.57
1415.09
1415.62
1416.14
1416.66
1417.18
1417.70
1418.22
1418.74
1419.27
1419.79
1420.31
1420.83
1421.35
1421.87
1422.39
1422.92
1423.44
1423.96
1424.48
1425.00
1425.52
1426.04
1426.57
1427.09
1427.61
1428.13
1428.65
1429.17
1429.69
1430.22
1430.74
1431.26
1431.78
1432.30
1432.82
1433.34
1433.86
1434.39
1434.91
1435.43
1435.95
1436.47
1436.99
1437.51
1438.04
1438.56
1439.08
1439.60
1440.12
1440.64
1441.16
1441.69
1442.21
1442.73
1443.25
1443.77
1444.29
1444.81
1445.34
1445.86
1446.38
1446.90
1447.42
1447.94
1448.46
1448.99
1449.51
1450.03
1450.55
1451.07
1451.59
1452.11
1452.64
1453.16
1453.68
1454.20
1454.72
1455.24
1455.76
1456.29
1456.81
1457.33
1457.85
1458.37
1458.89
1459.41
1459.94
1460.46
1460.98
1461.50
1462.02
1462.54
1463.06
1463.58
1464.11
1464.63
1465.15
1465.67
1466.19
1466.71
1467.23
1467.76
1468.28
1468.80
1469.32
1469.84
1470.36
1470.88
1471.41
1471.93
1472.45
1472.97
1473.49
1474.01
1474.53
1475.06
1475.58
1476.10
1476.62
1477.14
1477.66
1478.18
1478.71
1479.23
1479.75
1480.27
1480.79
1481.31
1481.83
1482.36
1482.88
1483.40
1483.92
1484.44
1484.96
1485.48
1486.01
1486.53
1487.05
1487.57
1488.09
1488.61
1489.13
1489.66
1490.18
1490.70
1491.22
1491.74
1492.26
1492.78
1493.31
1493.83
1494.35
1494.87
1495.39
1495.91
1496.43
1496.95
1497.48
1498.00
1498.52
1499.04
1499.56
1500.08
1500.60
1501.13
1501.65
1502.17
1502.69
1503.21
1503.73
1504.25
1504.78
1505.30
1505.82
1506.34
1506.86
1507.38
1507.90
1508.43
1508.95
1509.47
1509.99
1510.51
1511.03
1511.55
1512.08
1512.60
1513.12
1513.64
1514.16
1514.68
1515.20
1515.73
1516.25
1516.77
1517.29
1517.81
1518.33
1518.85
1519.38
1519.90
1520.42
1520.94
1521.46
1521.98
1522.50
1523.03
1523.55
1524.07
1524.59
1525.11
1525.63
1526.15
1526.68
1527.20
1527.72
1528.24
1528.76
1529.28
1529.80
1530.32
1530.85
1531.37
1531.89
1532.41
1532.93
1533.45
1533.97
1534.50
1535.02
1535.54
1536.06
1536.58
1537.10
1537.62
1538.15
1538.67
1539.19
1539.71
1540.23
1540.75
1541.27
1541.80
1542.32
1542.84
1543.36
1543.88
1544.40
1544.92
1545.45
1545.97
1546.49
1547.01
1547.53
1548.05
1548.57
1549.10
1549.62
1550.14
1550.66
1551.18
1551.70
1552.22
1552.75
1553.27
1553.79
1554.31
1554.83
1555.35
1555.87
1556.40
1556.92
1557.44
1557.96
1558.48
1559.00
1559.52
1560.04
1560.57
1561.09
1561.61
1562.13
1562.65
1563.17
1563.69
1564.22
1564.74
1565.26
1565.78
1566.30
1566.82
1567.34
1567.87
1568.39
1568.91
1569.43
1569.95
1570.47
1570.99
1571.52
1572.04
1572.56
1573.08
1573.60
1574.12
1574.64
1575.17
1575.69
1576.21
1576.73
1577.25
1577.77
1578.29
1578.82
1579.34
1579.86
1580.38
1580.90
1581.42
1581.94
1582.47
1582.99
1583.51
1584.03
1584.55
1585.07
1585.59
1586.12
1586.64
1587.16
1587.68
1588.20
1588.72
1589.24
1589.77
1590.29
1590.81
1591.33
1591.85
1592.37
1592.89
1593.41
1593.94
1594.46
1594.98
1595.50
1596.02
1596.54
1597.06
1597.59
1598.11
1598.63
1599.15
1599.67
1600.19
1600.71
1601.24
1601.76
1602.28
1602.80
1603.32
1603.84
1604.36
1604.89
1605.41
1605.93
1606.45
1606.97
1607.49
1608.01
1608.54
1609.06
1609.58
1610.10
1610.62
1611.14
1611.66
1612.19
1612.71
1613.23
1613.75
1614.27
1614.79
1615.31
1615.84
1616.36
1616.88
1617.40
1617.92
1618.44
1618.96
1619.49
1620.01
1620.53
1621.05
1621.57
1622.09
1622.61
1623.14
1623.66
1624.18
1624.70
1625.22
1625.74
1626.26
1626.78
1627.31
1627.83
1628.35
1628.87
1629.39
1629.91
1630.43
1630.96
1631.48
1632.00
1632.52
1633.04
1633.56
1634.08
1634.61
1635.13
1635.65
1636.17
1636.69
1637.21
1637.73
1638.26
1638.78
1639.30
1639.82
1640.34
1640.86
1641.38
1641.91
1642.43
1642.95
1643.47
1643.99
1644.51
1645.03
1645.56
1646.08
1646.60
1647.12
1647.64
1648.16
1648.68
1649.21
1649.73
1650.25
1650.77
1651.29
1651.81
1652.33
1652.86
1653.38
1653.90
1654.42
1654.94
1655.46
1655.98
1656.50
1657.03
1657.55
1658.07
1658.59
1659.11
1659.63
1660.15
1660.68
1661.20
1661.72
1662.24
1662.76
1663.28
1663.80
1664.33
1664.85
1665.37
1665.89
1666.41
1666.93
1667.45
1667.98
1668.50
1669.02
1669.54
1670.06
1670.58
1671.10
1671.63
1672.15
1672.67
1673.19
1673.71
1674.23
1674.75
1675.28
1675.80
1676.32
1676.84
1677.36
1677.88
1678.40
1678.93
1679.45
1679.97
1680.49
1681.01
1681.53
1682.05
1682.58
1683.10
1683.62
1684.14
1684.66
1685.18
1685.70
1686.23
1686.75
1687.27
1687.79
1688.31
1688.83
1689.35
1689.87
1690.40
1690.92
1691.44
1691.96
1692.48
1693.00
1693.52
1694.05
1694.57
1695.09
1695.61
1696.13
1696.65
1697.17
1697.70
1698.22
1698.74
1699.26
1699.78
1700.30
1700.82
1701.35
1701.87
1702.39
1702.91
1703.43
1703.95
1704.47
1705.00
1705.52
1706.04
1706.56
1707.08
1707.60
1708.12
1708.65
1709.17
1709.69
1710.21
1710.73
1711.25
1711.77
1712.30
1712.82
1713.34
1713.86
1714.38
1714.90
1715.42
1715.95
1716.47
1716.99
1717.51
1718.03
1718.55
1719.07
1719.60
1720.12
1720.64
1721.16
1721.68
1722.20
1722.72
1723.24
1723.77
1724.29
1724.81
1725.33
1725.85
1726.37
1726.89
1727.42
1727.94
1728.46
1728.98
1729.50
1730.02
1730.54
1731.07
1731.59
1732.11
1732.63
1733.15
1733.67
1734.19
1734.72
1735.24
1735.76
1736.28
1736.80
1737.32
1737.84
1738.37
1738.89
1739.41
1739.93
1740.45
1740.97
1741.49
1742.02
1742.54
1743.06
1743.58
1744.10
1744.62
1745.14
1745.67
1746.19
1746.71
1747.23
1747.75
1748.27
1748.79
1749.32
1749.84
1750.36
1750.88
1751.40
1751.92
1752.44
1752.96
1753.49
1754.01
1754.53
1755.05
1755.57
1756.09
1756.61
1757.14
1757.66
1758.18
1758.70
1759.22
1759.74
1760.26
1760.79
1761.31
1761.83
1762.35
1762.87
1763.39
1763.91
1764.44
1764.96
1765.48
1766.00
1766.52
1767.04
1767.56
1768.09
1768.61
1769.13
1769.65
1770.17
1770.69
1771.21
1771.74
1772.26
1772.78
1773.30
1773.82
1774.34
1774.86
1775.39
1775.91
1776.43
1776.95
1777.47
1777.99
1778.51
1779.04
1779.56
1780.08
1780.60
1781.12
1781.64
1782.16
1782.69
1783.21
1783.73
1784.25
1784.77
1785.29
1785.81
1786.33
1786.86
1787.38
1787.90
1788.42
1788.94
1789.46
1789.98
1790.51
1791.03
1791.55
1792.07
1792.59
1793.11
1793.63
1794.16
1794.68
1795.20
1795.72
1796.24
1796.76
1797.28
1797.81
1798.33
1798.85
1799.37
1799.89
1800.41
1800.93
1801.46
1801.98
1802.50
1803.02
1803.54
1804.06
1804.58
1805.11
1805.63
1806.15
1806.67
1807.19
1807.71
1808.23
1808.76
1809.28
1809.80
1810.32
1810.84
1811.36
1811.88
1812.41
1812.93
1813.45
1813.97
1814.49
1815.01
1815.53
1816.06
1816.58
1817.10
1817.62
1818.14
1818.66
1819.18
1819.70
1820.23
1820.75
1821.27
1821.79
1822.31
1822.83
1823.35
1823.88
1824.40
1824.92
1825.44
1825.96
1826.48
1827.00
1827.53
1828.05
1828.57
1829.09
1829.61
1830.13
1830.65
1831.18
1831.70
1832.22
1832.74
1833.26
1833.78
1834.30
1834.83
1835.35
1835.87
1836.39
1836.91
1837.43
1837.95
1838.48
1839.00
1839.52
1840.04
1840.56
1841.08
1841.60
1842.13
1842.65
1843.17
1843.69
1844.21
1844.73
1845.25
1845.78
1846.30
1846.82
1847.34
1847.86
1848.38
1848.90
1849.43
1849.95
1850.47
1850.99
1851.51
1852.03
1852.55
1853.07
1853.60
1854.12
1854.64
1855.16
1855.68
1856.20
1856.72
1857.25
1857.77
1858.29
1858.81
1859.33
1859.85
1860.37
1860.90
1861.42
1861.94
1862.46
1862.98
1863.50
1864.02
1864.55
1865.07
1865.59
1866.11
1866.63
1867.15
1867.67
1868.20
1868.72
1869.24
1869.76
1870.28
1870.80
1871.32
1871.85
1872.37
1872.89
1873.41
1873.93
1874.45
1874.97
1875.50
1876.02
1876.54
1877.06
1877.58
1878.10
1878.62
1879.15
1879.67
1880.19
1880.71
1881.23
1881.75
1882.27
1882.79
1883.32
1883.84
1884.36
1884.88
1885.40
1885.92
1886.44
1886.97
1887.49
1888.01
1888.53
1889.05
1889.57
1890.09
1890.62
1891.14
1891.66
1892.18
1892.70
1893.22
1893.74
1894.27
1894.79
1895.31
1895.83
1896.35
1896.87
1897.39
1897.92
1898.44
1898.96
1899.48
1900.00
1900.52
1901.04
1901.57
1902.09
1902.61
1903.13
1903.65
1904.17
1904.69
1905.22
1905.74
1906.26
1906.78
1907.30
1907.82
1908.34
1908.87
1909.39
1909.91
1910.43
1910.95
1911.47
1911.99
1912.52
1913.04
1913.56
1914.08
1914.60
1915.12
1915.64
1916.16
1916.69
1917.21
1917.73
1918.25
1918.77
1919.29
1919.81
1920.34
1920.86
1921.38
1921.90
1922.42
1922.94
1923.46
1923.99
1924.51
1925.03
1925.55
1926.07
1926.59
1927.11
1927.64
1928.16
1928.68
1929.20
1929.72
1930.24
1930.76
1931.29
1931.81
1932.33
1932.85
1933.37
1933.89
1934.41
1934.94
1935.46
1935.98
1936.50
1937.02
1937.54
1938.06
1938.59
1939.11
1939.63
1940.15
1940.67
1941.19
1941.71
1942.24
1942.76
1943.28
1943.80
1944.32
1944.84
1945.36
1945.89
1946.41
1946.93
1947.45
1947.97
1948.49
1949.01
1949.53
1950.06
1950.58
1951.10
1951.62
1952.14
1952.66
1953.18
1953.71
1954.23
1954.75
1955.27
1955.79
1956.31
1956.83
1957.36
1957.88
1958.40
1958.92
1959.44
1959.96
1960.48
1961.01
1961.53
1962.05
1962.57
1963.09
1963.61
1964.13
1964.66
1965.18
1965.70
1966.22
1966.74
1967.26
1967.78
1968.31
1968.83
1969.35
1969.87
1970.39
1970.91
1971.43
1971.96
1972.48
1973.00
1973.52
1974.04
1974.56
1975.08
1975.61
1976.13
1976.65
1977.17
1977.69
1978.21
1978.73
1979.25
1979.78
1980.30
1980.82
1981.34
1981.86
1982.38
1982.90
1983.43
1983.95
1984.47
1984.99
1985.51
1986.03
1986.55
1987.08
1987.60
1988.12
1988.64
1989.16
1989.68
1990.20
1990.73
1991.25
1991.77
1992.29
1992.81
1993.33
1993.85
1994.38
1994.90
1995.42
1995.94
1996.46
1996.98
1997.50
1998.03
1998.55
1999.07
1999.59
2000.11
2000.63
2001.15
2001.68
2002.20
2002.72
2003.24
2003.76
2004.28
2004.80
2005.33
2005.85
2006.37
2006.89
2007.41
2007.93
2008.45
2008.98
2009.50
2010.02
2010.54
2011.06
2011.58
2012.10
2012.62
2013.15
2013.67
2014.19
2014.71
2015.23
2015.75
2016.27
2016.80
2017.32
2017.84
2018.36
2018.88
2019.40
2019.92
2020.45
2020.97
2021.49
2022.01
2022.53
2023.05
2023.57
2024.10
2024.62
2025.14
2025.66
2026.18
2026.70
2027.22
2027.75
2028.27
2028.79
2029.31
2029.83
2030.35
2030.87
2031.40
2031.92
2032.44
2032.96
2033.48
2034.00
2034.52
2035.05
2035.57
2036.09
2036.61
2037.13
2037.65
2038.17
2038.70
2039.22
2039.74
2040.26
2040.78
2041.30
2041.82
2042.35
2042.87
2043.39
2043.91
2044.43
2044.95
2045.47
2045.99
2046.52
2047.04
2047.56
2048.08
2048.60
2049.12
2049.64
2050.17
2050.69
2051.21
2051.73
2052.25
2052.77
2053.29
2053.82
2054.34
2054.86
2055.38
2055.90
2056.42
2056.94
2057.47
2057.99
2058.51
2059.03
2059.55
2060.07
2060.59
2061.12
2061.64
2062.16
2062.68
2063.20
2063.72
2064.24
2064.77
2065.29
2065.81
2066.33
2066.85
2067.37
2067.89
2068.42
2068.94
2069.46
2069.98
2070.50
2071.02
2071.54
2072.07
2072.59
2073.11
2073.63
2074.15
2074.67
2075.19
2075.71
2076.24
2076.76
2077.28
2077.80
2078.32
2078.84
2079.36
2079.89
2080.41
2080.93
2081.45
2081.97
2082.49
2083.01
2083.54
2084.06
2084.58
2085.10
2085.62
2086.14
2086.66
2087.19
2087.71
2088.23
2088.75
2089.27
2089.79
2090.31
2090.84
2091.36
2091.88
2092.40
2092.92
2093.44
2093.96
2094.49
2095.01
2095.53
2096.05
2096.57
2097.09
2097.61
2098.14
2098.66
2099.18
2099.70
2100.22
2100.74
2101.26
2101.79
2102.31
2102.83
2103.35
2103.87
2104.39
2104.91
2105.44
2105.96
2106.48
2107.00
2107.52
2108.04
2108.56
2109.08
2109.61
2110.13
2110.65
2111.17
2111.69
2112.21
2112.73
2113.26
2113.78
2114.30
2114.82
2115.34
2115.86
2116.38
2116.91
2117.43
2117.95
2118.47
2118.99
2119.51
2120.03
2120.56
2121.08
2121.60
2122.12
2122.64
2123.16
2123.68
2124.21
2124.73
2125.25
2125.77
2126.29
2126.81
2127.33
2127.86
2128.38
2128.90
2129.42
2129.94
2130.46
2130.98
2131.51
2132.03
2132.55
2133.07
2133.59
2134.11
2134.63
2135.16
2135.68
2136.20
2136.72
2137.24
2137.76
2138.28
2138.81
2139.33
2139.85
2140.37
2140.89
2141.41
2141.93
2142.45
2142.98
2143.50
2144.02
2144.54
2145.06
2145.58
2146.10
2146.63
2147.15
2147.67
2148.19
2148.71
2149.23
2149.75
2150.28
2150.80
2151.32
2151.84
2152.36
2152.88
2153.40
2153.93
2154.45
2154.97
2155.49
2156.01
2156.53
2157.05
2157.58
2158.10
2158.62
2159.14
2159.66
2160.18
2160.70
2161.23
2161.75
2162.27
2162.79
2163.31
2163.83
2164.35
2164.88
2165.40
2165.92
2166.44
2166.96
2167.48
2168.00
2168.53
2169.05
2169.57
2170.09
2170.61
2171.13
2171.65
2172.17
2172.70
2173.22
2173.74
2174.26
2174.78
2175.30
2175.82
2176.35
2176.87
2177.39
2177.91
2178.43
2178.95
2179.47
2180.00
2180.52
2181.04
2181.56
2182.08
2182.60
2183.12
2183.65
2184.17
2184.69
2185.21
2185.73
2186.25
2186.77
2187.30
2187.82
2188.34
2188.86
2189.38
2189.90
2190.42
2190.95
2191.47
2191.99
2192.51
2193.03
2193.55
2194.07
2194.60
2195.12
2195.64
2196.16
2196.68
2197.20
2197.72
2198.25
2198.77
2199.29
2199.81
2200.33
2200.85
2201.37
2201.90
2202.42
2202.94
2203.46
2203.98
2204.50
2205.02
2205.54
2206.07
2206.59
2207.11
2207.63
2208.15
2208.67
2209.19
2209.72
2210.24
2210.76
2211.28
2211.80
2212.32
2212.84
2213.37
2213.89
2214.41
2214.93
2215.45
2215.97
2216.49
2217.02
2217.54
2218.06
2218.58
2219.10
2219.62
2220.14
2220.67
2221.19
2221.71
2222.23
2222.75
2223.27
2223.79
2224.32
2224.84
2225.36
2225.88
2226.40
2226.92
2227.44
2227.97
2228.49
2229.01
2229.53
2230.05
2230.57
2231.09
2231.62
2232.14
2232.66
2233.18
2233.70
2234.22
2234.74
2235.27
2235.79
2236.31
2236.83
2237.35
2237.87
2238.39
2238.91
2239.44
2239.96
2240.48
2241.00
2241.52
2242.04
2242.56
2243.09
2243.61
2244.13
2244.65
2245.17
2245.69
2246.21
2246.74
2247.26
2247.78
2248.30
2248.82
2249.34
2249.86
2250.39
2250.91
2251.43
2251.95
2252.47
2252.99
2253.51
2254.04
2254.56
2255.08
2255.60
2256.12
2256.64
2257.16
2257.69
2258.21
2258.73
2259.25
2259.77
2260.29
2260.81
2261.34
2261.86
2262.38
2262.90
2263.42
2263.94
2264.46
2264.99
2265.51
2266.03
2266.55
2267.07
2267.59
2268.11
2268.63
2269.16
2269.68
2270.20
2270.72
2271.24
2271.76
2272.28
2272.81
2273.33
2273.85
2274.37
2274.89
2275.41
2275.93
2276.46
2276.98
2277.50
2278.02
2278.54
2279.06
2279.58
2280.11
2280.63
2281.15
2281.67
2282.19
2282.71
2283.23
2283.76
2284.28
2284.80
2285.32
2285.84
2286.36
2286.88
2287.41
2287.93
2288.45
2288.97
2289.49
2290.01
2290.53
2291.06
2291.58
2292.10
2292.62
2293.14
2293.66
2294.18
2294.71
2295.23
2295.75
2296.27
2296.79
2297.31
2297.83
2298.36
2298.88
2299.40
2299.92
2300.44
2300.96
2301.48
2302.00
2302.53
2303.05
2303.57
2304.09
2304.61
2305.13
2305.65
2306.18
2306.70
2307.22
2307.74
2308.26
2308.78
2309.30
2309.83
2310.35
2310.87
2311.39
2311.91
2312.43
2312.95
2313.48
2314.00
2314.52
2315.04
2315.56
2316.08
2316.60
2317.13
2317.65
2318.17
2318.69
2319.21
2319.73
2320.25
2320.78
2321.30
2321.82
2322.34
2322.86
2323.38
2323.90
2324.43
2324.95
2325.47
2325.99
2326.51
2327.03
2327.55
2328.08
2328.60
2329.12
2329.64
2330.16
2330.68
2331.20
2331.73
2332.25
2332.77
2333.29
2333.81
2334.33
2334.85
2335.37
2335.90
2336.42
2336.94
2337.46
2337.98
2338.50
2339.02
2339.55
2340.07
2340.59
2341.11
2341.63
2342.15
2342.67
2343.20
2343.72
2344.24
2344.76
2345.28
2345.80
2346.32
2346.85
2347.37
2347.89
2348.41
2348.93
2349.45
2349.97
2350.50
2351.02
2351.54
2352.06
2352.58
2353.10
2353.62
2354.15
2354.67
2355.19
2355.71
2356.23
2356.75
2357.27
2357.80
2358.32
2358.84
2359.36
2359.88
2360.40
2360.92
2361.45
2361.97
2362.49
2363.01
2363.53
2364.05
2364.57
2365.09
2365.62
2366.14
2366.66
2367.18
2367.70
2368.22
2368.74
2369.27
2369.79
2370.31
2370.83
2371.35
2371.87
2372.39
2372.92
2373.44
2373.96
2374.48
2375.00
2375.52
2376.04
2376.57
2377.09
2377.61
2378.13
2378.65
2379.17
2379.69
2380.22
2380.74
2381.26
2381.78
2382.30
2382.82
2383.34
2383.87
2384.39
2384.91
2385.43
2385.95
2386.47
2386.99
2387.52
2388.04
2388.56
2389.08
2389.60
2390.12
2390.64
2391.17
2391.69
2392.21
2392.73
2393.25
2393.77
2394.29
2394.82
2395.34
2395.86
2396.38
2396.90
2397.42
2397.94
2398.46
2398.99
2399.51
2400.03
2400.55
2401.07
2401.59
2402.11
2402.64
2403.16
2403.68
2404.20
2404.72
2405.24
2405.76
2406.29
2406.81
2407.33
2407.85
2408.37
2408.89
2409.41
2409.94
2410.46
2410.98
2411.50
2412.02
2412.54
2413.06
2413.59
2414.11
2414.63
2415.15
2415.67
2416.19
2416.71
2417.24
2417.76
2418.28
2418.80
2419.32
2419.84
2420.36
2420.89
2421.41
2421.93
2422.45
2422.97
2423.49
2424.01
2424.54
2425.06
2425.58
2426.10
2426.62
2427.14
2427.66
2428.19
2428.71
2429.23
2429.75
2430.27
2430.79
2431.31
2431.83
2432.36
2432.88
2433.40
2433.92
2434.44
2434.96
2435.48
2436.01
2436.53
2437.05
2437.57
2438.09
2438.61
2439.13
2439.66
2440.18
2440.70
2441.22
2441.74
2442.26
2442.78
2443.31
2443.83
2444.35
2444.87
2445.39
2445.91
2446.43
2446.96
2447.48
2448.00
2448.52
2449.04
2449.56
2450.08
2450.61
2451.13
2451.65
2452.17
2452.69
2453.21
2453.73
2454.26
2454.78
2455.30
2455.82
2456.34
2456.86
2457.38
2457.91
2458.43
2458.95
2459.47
2459.99
2460.51
2461.03
2461.55
2462.08
2462.60
2463.12
2463.64
2464.16
2464.68
2465.20
2465.73
2466.25
2466.77
2467.29
2467.81
2468.33
2468.85
2469.38
2469.90
2470.42
2470.94
2471.46
2471.98
2472.50
2473.03
2473.55
2474.07
2474.59
2475.11
2475.63
2476.15
2476.68
2477.20
2477.72
2478.24
2478.76
2479.28
2479.80
2480.33
2480.85
2481.37
2481.89
2482.41
2482.93
2483.45
2483.98
2484.50
2485.02
2485.54
2486.06
2486.58
2487.10
2487.63
2488.15
2488.67
2489.19
2489.71
2490.23
2490.75
2491.28
2491.80
2492.32
2492.84
2493.36
2493.88
2494.40
2494.92
2495.45
2495.97
2496.49
2497.01
2497.53
2498.05
2498.57
2499.10
2499.62
2500.14
2500.66
2501.18
2501.70
2502.22
2502.75
2503.27
2503.79
2504.31
2504.83
2505.35
2505.87
2506.40
2506.92
2507.44
2507.96
2508.48
2509.00
2509.52
2510.05
2510.57
2511.09
2511.61
2512.13
2512.65
2513.17
2513.70
2514.22
2514.74
2515.26
2515.78
2516.30
2516.82
2517.35
2517.87
2518.39
2518.91
2519.43
2519.95
2520.47
2521.00
2521.52
2522.04
2522.56
2523.08
2523.60
2524.12
2524.65
2525.17
2525.69
2526.21
2526.73
2527.25
2527.77
2528.29
2528.82
2529.34
2529.86
2530.38
2530.90
2531.42
2531.94
2532.47
2532.99
2533.51
2534.03
2534.55
2535.07
2535.59
2536.12
2536.64
2537.16
2537.68
2538.20
2538.72
2539.24
2539.77
2540.29
2540.81
2541.33
2541.85
2542.37
2542.89
2543.42
2543.94
2544.46
2544.98
2545.50
2546.02
2546.54
2547.07
2547.59
2548.11
2548.63
2549.15
2549.67
2550.19
2550.72
2551.24
2551.76
2552.28
2552.80
2553.32
2553.84
2554.37
2554.89
2555.41
2555.93
2556.45
2556.97
2557.49
2558.02
2558.54
2559.06
2559.58
2560.10
2560.62
2561.14
2561.66
2562.19
2562.71
2563.23
2563.75
2564.27
2564.79
2565.31
2565.84
2566.36
2566.88
2567.40
2567.92
2568.44
2568.96
2569.49
2570.01
2570.53
2571.05
2571.57
2572.09
2572.61
2573.14
2573.66
2574.18
2574.70
2575.22
2575.74
2576.26
2576.79
2577.31
2577.83
2578.35
2578.87
2579.39
2579.91
2580.44
2580.96
2581.48
2582.00
2582.52
2583.04
2583.56
2584.09
2584.61
2585.13
2585.65
2586.17
2586.69
2587.21
2587.74
2588.26
2588.78
2589.30
2589.82
2590.34
2590.86
2591.38
2591.91
2592.43
2592.95
2593.47
2593.99
2594.51
2595.03
2595.56
2596.08
2596.60
2597.12
2597.64
2598.16
2598.68
2599.21
2599.73
2600.25
2600.77
2601.29
2601.81
2602.33
2602.86
2603.38
2603.90
2604.42
2604.94
2605.46
2605.98
2606.51
2607.03
